700000
1000000
11000000
11400000
11400001
11450001
12350001
12350003
12410003
12410503
12410533
12460533
12460541
12460631
12530631
12530721
12830721
22830721
23230721
23230722
23280722
24180722
24180724
24240724
24241224
24241254
24291254
24291262
24291352
24361352
24361442
24661442
34661442
35061442
35061443
35111443
36011443
36011445
36071445
36071945
36071975
36121975
36121983
36122073
36192073
36192163
36492163
46492163
46892163
46892164
46942164
47842164
47842166
47902166
47902666
47902696
47952696
47952704
47952794
48022794
48022884
48322884
58322884
58722884
58722885
58772885
59672885
59672887
59732887
59733387
59733417
59783417
59783425
59783515
59853515
59853605
60153605
70153605
70553605
70553606
70603606
71503606
71503608
71563608
71564108
71564138
71614138
71614146
71614236
71684236
71684326
71984326
81984326
82384326
82384327
82434327
83334327
83334329
83394329
83394829
83394859
83444859
83444867
83444957
83514957
83515047
83815047
93815047
94215047
94215048
94265048
95165048
95165050
95225050
95225550
95225580
95275580
95275588
95275678
95345678
95345768
95645768
105645768
106045768
106045769
106095769
106995769
106995771
107055771
107056271
107056301
107106301
107106309
107106399
107176399
107176489
107476489
117476489
117876489
117876490
117926490
118826490
118826492
118886492
118886992
118887022
118937022
118937030
118937120
119007120
119007210
119307210
129307210
129707210
129707211
129757211
130657211
130657213
130717213
130717713
130717743
130767743
130767751
130767841
130837841
130837931
131137931
141137931
141537931
141537932
141587932
142487932
142487934
142547934
142548434
142548464
142598464
142598472
142598562
142668562
142668652
142968652
152968652
153368652
153368653
153418653
154318653
154318655
154378655
154379155
154379185
154429185
154429193
154429283
154499283
154499373
154799373
164799373
165199373
165199374
165249374
166149374
166149376
166209376
166209876
166209906
166259906
166259914
166260004
166330004
166330094
166630094
176630094
177030094
177030095
177080095
177980095
177980097
178040097
178040597
178040627
178090627
178090635
178090725
178160725
178160815
178460815
188460815
188860815
188860816
188910816
189810816
189810818
189870818
189871318
189871348
189921348
189921356
189921446
189991446
189991536
190291536
200291536
200691536
200691537
200741537
201641537
201641539
201701539
201702039
201702069
201752069
201752077
201752167
201822167
201822257
202122257
212122257
212522257
212522258
212572258
213472258
213472260
213532260
213532760
213532790
213582790
213582798
213582888
213652888
213652978
213952978
223952978
224352978
224352979
224402979
225302979
225302981
225362981
225363481
225363511
225413511
225413519
225413609
225483609
225483699
225783699
235783699
236183699
236183700
236233700
237133700
237133702
237193702
237194202
237194232
237244232
237244240
237244330
237314330
237314420
237614420
247614420
248014420
248014421
248064421
248964421
248964423
249024423
249024923
249024953
249074953
249074961
249075051
249145051
249145141
249445141
259445141
259845141
259845142
259895142
260795142
260795144
260855144
260855644
260855674
260905674
260905682
260905772
260975772
260975862
261275862
271275862
271675862
271675863
271725863
272625863
272625865
272685865
272686365
272686395
272736395
272736403
272736493
272806493
272806583
273106583
283106583
283506583
283506584
283556584
284456584
284456586
284516586
284517086
284517116
284567116
284567124
284567214
284637214
284637304
284937304
294937304
295337304
295337305
295387305
296287305
296287307
296347307
296347807
296347837
296397837
296397845
296397935
296467935
296468025
296768025
306768025
307168025
307168026
307218026
308118026
308118028
308178028
308178528
308178558
308228558
308228566
308228656
308298656
308298746
308598746
318598746
318998746
318998747
319048747
319948747
319948749
320008749
320009249
320009279
320059279
320059287
320059377
320129377
320129467
320429467
330429467
330829467
330829468
330879468
331779468
331779470
331839470
331839970
331840000
331890000
331890008
331890098
331960098
331960188
332260188
342260188
342660188
342660189
342710189
343610189
343610191
343670191
343670691
343670721
343720721
343720729
343720819
343790819
343790909
344090909
354090909
354490909
354490910
354540910
355440910
355440912
355500912
355501412
355501442
355551442
355551450
355551540
355621540
355621630
355921630
365921630
366321630
366321631
366371631
367271631
367271633
367331633
367332133
367332163
367382163
367382171
367382261
367452261
367452351
367752351
377752351
378152351
378152352
378202352
379102352
379102354
379162354
379162854
379162884
379212884
379212892
379212982
379282982
379283072
379583072
389583072
389983072
389983073
390033073
390933073
390933075
390993075
390993575
390993605
391043605
391043613
391043703
391113703
391113793
391413793
401413793
401813793
401813794
401863794
402763794
402763796
402823796
402824296
402824326
402874326
402874334
402874424
402944424
402944514
403244514
413244514
413644514
413644515
413694515
414594515
414594517
414654517
414655017
414655047
414705047
414705055
414705145
414775145
414775235
415075235
425075235
425475235
425475236
425525236
426425236
426425238
426485238
426485738
426485768
426535768
426535776
426535866
426605866
426605956
426905956
436905956
437305956
437305957
437355957
438255957
438255959
438315959
438316459
438316489
438366489
438366497
438366587
438436587
438436677
438736677
448736677
449136677
449136678
449186678
450086678
450086680
450146680
450147180
450147210
450197210
450197218
450197308
450267308
450267398
450567398
460567398
460967398
460967399
461017399
461917399
461917401
461977401
461977901
461977931
462027931
462027939
462028029
462098029
462098119
462398119
472398119
472798119
472798120
472848120
473748120
473748122
473808122
473808622
473808652
473858652
473858660
473858750
473928750
473928840
474228840
484228840
484628840
484628841
484678841
485578841
485578843
485638843
485639343
485639373
485689373
485689381
485689471
485759471
485759561
486059561
496059561
496459561
496459562
496509562
497409562
497409564
497469564
497470064
497470094
497520094
497520102
497520192
497590192
497590282
497890282
507890282
508290282
508290283
508340283
509240283
509240285
509300285
509300785
509300815
509350815
509350823
509350913
509420913
509421003
509721003
519721003
520121003
520121004
520171004
521071004
521071006
521131006
521131506
521131536
521181536
521181544
521181634
521251634
521251724
521551724
531551724
531951724
531951725
532001725
532901725
532901727
532961727
532962227
532962257
533012257
533012265
533012355
533082355
533082445
533382445
543382445
543782445
543782446
543832446
544732446
544732448
544792448
544792948
544792978
544842978
544842986
544843076
544913076
544913166
545213166
555213166
555613166
555613167
555663167
556563167
556563169
556623169
556623669
556623699
556673699
556673707
556673797
556743797
556743887
557043887
567043887
567443887
567443888
567493888
568393888
568393890
568453890
568454390
568454420
568504420
568504428
568504518
568574518
568574608
568874608
578874608
579274608
579274609
579324609
580224609
580224611
580284611
580285111
580285141
580335141
580335149
580335239
580405239
580405329
580705329
590705329
591105329
591105330
591155330
592055330
592055332
592115332
592115832
592115862
592165862
592165870
592165960
592235960
592236050
592536050
602536050
602936050
602936051
602986051
603886051
603886053
603946053
603946553
603946583
603996583
603996591
603996681
604066681
604066771
604366771
614366771
614766771
614766772
614816772
615716772
615716774
615776774
615777274
615777304
615827304
615827312
615827402
615897402
615897492
616197492
626197492
626597492
626597493
626647493
627547493
627547495
627607495
627607995
627608025
627658025
627658033
627658123
627728123
627728213
628028213
638028213
638428213
638428214
638478214
639378214
639378216
639438216
639438716
639438746
639488746
639488754
639488844
639558844
639558934
639858934
649858934
650258934
650258935
650308935
651208935
651208937
651268937
651269437
651269467
651319467
651319475
651319565
651389565
651389655
651689655
661689655
662089655
662089656
662139656
663039656
663039658
663099658
663100158
663100188
663150188
663150196
663150286
663220286
663220376
663520376
673520376
673920376
673920377
673970377
674870377
674870379
674930379
674930879
674930909
674980909
674980917
674981007
675051007
675051097
675351097
685351097
685751097
685751098
685801098
686701098
686701100
686761100
686761600
686761630
686811630
686811638
686811728
686881728
686881818
687181818
697181818
697581818
697581819
697631819
698531819
698531821
698591821
698592321
698592351
698642351
698642359
698642449
698712449
698712539
699012539
709012539
709412539
709412540
709462540
710362540
710362542
710422542
710423042
710423072
710473072
710473080
710473170
710543170
710543260
710843260
720843260
721243260
721243261
721293261
722193261
722193263
722253263
722253763
722253793
722303793
722303801
722303891
722373891
722373981
722673981
732673981
733073981
733073982
733123982
734023982
734023984
734083984
734084484
734084514
734134514
734134522
734134612
734204612
734204702
734504702
744504702
744904702
744904703
744954703
745854703
745854705
745914705
745915205
745915235
745965235
745965243
745965333
746035333
746035423
746335423
756335423
756735423
756735424
756785424
757685424
757685426
757745426
757745926
757745956
757795956
757795964
757796054
757866054
757866144
758166144
768166144
768566144
768566145
768616145
769516145
769516147
769576147
769576647
769576677
769626677
769626685
769626775
769696775
769696865
769996865
779996865
780396865
780396866
780446866
781346866
781346868
781406868
781407368
781407398
781457398
781457406
781457496
781527496
781527586
781827586
791827586
792227586
792227587
792277587
793177587
793177589
793237589
793238089