4
2
10
3
-9
10
1
8
-1
-10
-9
-4
6
-1
10
-6
-5
9
5
-2
6
3
6
0
6
8
-2
-4
8
-3
9
5
-2
4
6
10
-5
3
4
-5
0
4
-4
10
-3
7
-8
-2
-4
2
10
7
-10
10
-1
-9
-8
4
10
-10
-8
-6
9
8
-5
6
-9
-10
-10
-5
2
-4
-5
-1
-9
-1
-3
-3
-9
9
5
8
-8
-3
4
7
-9
2
4
-6
3
10
-3
3
0
4
4
-7
9
8
6
2
3
4
1
3
10
-9
8
6
10
-3
2
2
5
5
-7
2
-8
0
-3
7
-6
10
3
3
4
-8
-8
-5
-7
-8
-9
5
8
4
-7
-3
-5
-3
7
-9
4
4
4
-6
4
10
0
-1
5
-1
-9
-8
2
5
4
6
-4
7
3
7
-2
10
7
8
-4
6
-7
3
-4
2
-9
0
6
9
2
6
7
1
10
7
9
5
4
-4
2
-9
5
-2
-7
3
-6
10
-2
3
-3
-10
6
4
2
-5
-2
-9
-5
-10
-7
0
6
7
6
7
-4
-10
-9
2
4
-9
4
0
5
-5
9
10
5
6
-10
4
-5
-5
2
-1
8
-7
6
9
-3
5
1
4
-1
-10
-2
-4
-8
1
0
1
-8
-6
1
1
-4
7
-5
-7
-3
-10
4
2
1
-6
8
10
-10
0
-10
-3
-10
7
-8
4
5
-5
10
-3
-3
7
-4
-7
-3
5
7
1
-8
2
7
1
10
8
-3
9
9
-9
7
-2
-6
10
-4
-6